1, 1386, 115, 5, 12, 7, 857, 
1, 847, 714, 5, 12, 7, 1307, 
1, 1297, 873, 5, 12, 8, 3367, 
1, 1179, 508, 5, 12, 8, 6354, 
1, 1092, 856, 5, 13, 20, 19885, 
2,  17, 5, 5, 20780, 
4, 1086, 880, 20, 2, 22, 
4, 1086, 880, 20, -4, 16, 
2,  16, 6, 5, 20780, 
2,  15, 6, 3, 20780, 
4, 790, 335, 13, 3, 16, 
4, 1548, 869, 17, -1, 16, 
2,  16, 6, 5, 20780, 
2,  17, 5, 7, 20780, 
2,  15, 6, 4, 20780, 
2,  14, 7, 3, 20780, 
4, 371, 838, 13, -4, 9, 
2,  20, 5, 8, 20780, 
2,  20, 5, 7, 20780, 
4, 1615, 659, 13, -4, 9, 
4, 1615, 659, 13, 0, 13, 
2,  19, 5, 1, 20780, 
2,  16, 6, 3, 20780, 
4, 1203, 390, 18, -3, 15, 
2,  17, 5, 7, 20780, 
2,  19, 5, 8, 20780, 
2,  16, 6, 6, 20780, 
2,  17, 5, 2, 20780, 
2,  20, 5, 9, 20780, 
2,  19, 5, 0, 20780, 
3, 1, 22, 16.09090909090909, 28, 15.75, -14, 50, 15.9, 36, 489, 
1, 351, 880, 5, 13, 6, 20946, 
1, 353, 872, 5, 13, 12, 21268, 
1, 1566, 645, 5, 13, 6, 21421, 
1, 1425, 369, 5, 12, 6, 22964, 
1, 772, 575, 4, 12, 11, 34215, 
1, 381, 247, 5, 9, 9, 34480, 
1, 724, 511, 4, 13, 17, 36555, 
1, 476, 380, 5, 13, 26, 40061, 
1, 877, 714, 5, 9, 11, 40062, 
2,  20, 5, 6, 40823, 
2,  16, 6, 1, 40823, 
2,  16, 6, 5, 40823, 
2,  19, 5, 3, 40823, 
4, 377, 656, 15, -1, 14, 
2,  14, 7, 3, 40823, 
2,  20, 5, 9, 40823, 
4, 1433, 56, 15, -1, 14, 
4, 1433, 56, 15, 4, 19, 
4, 847, 714, 18, 4, 22, 
2,  14, 7, 6, 40823, 
4, 544, 178, 15, 3, 18, 
4, 1042, 717, 15, 2, 17, 
4, 1448, 497, 16, 2, 18, 
2,  16, 6, 7, 40823, 
3, 2, 17, 14.235294117647058, 19, 16.57894736842105, -10, 36, 15.472222222222221, 26, 314, 
2,  20, 5, 6, 60766, 
4, 1477, 449, 15, -2, 13, 
2,  15, 6, 3, 60766, 
2,  17, 5, 6, 60766, 
2,  18, 5, 5, 60766, 
2,  18, 5, 8, 60766, 
2,  14, 7, 4, 60766, 
2,  18, 5, 6, 60766, 
3, 3, 7, 17.142857142857142, 19, 16.68421052631579, -6, 26, 16.807692307692307, 20, 315, 
2,  13, 7, 2, 80744, 
4, 381, 589, 18, 6, 24, 
2,  15, 6, 4, 80744, 
4, 268, 647, 15, 3, 18, 
2,  16, 6, 7, 80744, 
2,  14, 7, 4, 80744, 
2,  13, 7, 4, 80744, 
3, 4, 5, 14.2, 15, 17.266666666666666, -3, 20, 16.5, 17, 277, 
2,  17, 5, 5, 100859, 
4, 427, 374, 15, -5, 10, 
4, 427, 374, 15, 0, 15, 
2,  16, 6, 7, 100859, 
4, 1182, 874, 15, -3, 12, 
4, 1182, 874, 15, -3, 12, 
4, 1182, 874, 15, 5, 20, 
4, 1379, 129, 19, 5, 24, 
4, 1420, 483, 18, -4, 14, 
4, 1420, 483, 18, 0, 18, 
2,  24, 4, 10, 100859, 
3, 5, 3, 19.0, 14, 17.428571428571427, 5, 17, 17.705882352941178, 22, 362, 
1, 384, 203, 6, 10, 11, 106423, 
1, 1093, 203, 4, 12, 15, 113985, 
4, 1052, 61, 17, 3, 20, 
4, 502, 224, 15, 1, 16, 
4, 502, 224, 15, 0, 15, 
4, 502, 224, 15, 0, 15, 
4, 1437, 573, 18, 4, 22, 
2,  18, 5, 5, 120717, 
4, 887, 820, 15, 1, 16, 
4, 887, 820, 15, 0, 15, 
2,  24, 4, 10, 120717, 
3, 6, 4, 16.0, 18, 16.944444444444443, 3, 22, 16.772727272727273, 25, 359, 
1, 1459, 387, 4, 12, 15, 132515, 
2,  18, 5, 4, 140801, 
2,  17, 5, 4, 140801, 
4, 1162, 534, 15, 1, 16, 
2,  18, 5, 6, 140801, 
4, 1588, 607, 22, -4, 18, 
2,  15, 6, 5, 140801, 
2,  19, 5, 7, 140801, 
4, 227, 292, 15, 4, 19, 
2,  18, 5, 7, 140801, 
2,  20, 5, 8, 140801, 
2,  22, 4, 9, 140801, 
3, 7, 9, 17.666666666666668, 16, 16.5625, -6, 25, 16.96, 19, 226, 
4, 1416, 323, 15, -4, 11, 
2,  22, 4, 2, 160751, 
2,  17, 5, 4, 160751, 
4, 645, 481, 20, -4, 16, 
4, 645, 481, 20, 0, 20, 
4, 1483, 155, 14, 1, 15, 
2,  16, 6, 2, 160751, 
4, 596, 803, 15, 0, 15, 
4, 824, 553, 16, 2, 18, 
2,  16, 6, 6, 160751, 
2,  18, 5, 6, 160751, 
3, 8, 5, 17.8, 14, 16.357142857142858, 1, 19, 16.736842105263158, 20, 240, 
4, 777, 99, 15, 4, 19, 
2,  15, 6, 5, 180852, 
2,  20, 5, 8, 180852, 
4, 488, 515, 15, -1, 14, 
4, 488, 515, 15, 1, 16, 
4, 180, 612, 15, 1, 16, 
2,  19, 5, 8, 180852, 
4, 1129, 370, 11, 1, 12, 
4, 849, 401, 15, -4, 11, 
4, 240, 756, 15, -4, 11, 
3, 9, 3, 18.0, 17, 15.882352941176471, 4, 20, 16.2, 24, 329, 
1, 817, 526, 5, 11, 5, 183597, 
1, 1141, 427, 4, 11, 18, 196611, 
4, 1207, 460, 15, -3, 12, 
2,  16, 6, 2, 200720, 
2,  16, 6, 6, 200720, 
2,  15, 6, 6, 200720, 
2,  18, 5, 7, 200720, 
2,  14, 7, 5, 200720, 
4, 216, 132, 16, 1, 17, 
2,  16, 6, 5, 200720, 
3, 10, 8, 14.625, 16, 15.75, -6, 24, 15.375, 18, 208, 
1, 572, 526, 5, 12, 11, 216567, 
4, 1054, 885, 18, -6, 12, 
4, 616, 792, 16, -1, 15, 
4, 1192, 304, 17, 5, 22, 
3, 11, 1, 12.0, 17, 15.823529411764707, 2, 18, 15.61111111111111, 20, 321, 
1, 957, 526, 5, 12, 10, 228316, 
4, 1502, 334, 15, 4, 19, 
4, 1502, 334, 15, -2, 13, 
4, 1582, 285, 18, 2, 20, 
4, 417, 700, 15, 3, 18, 
4, 417, 700, 15, 0, 15, 
4, 417, 700, 15, 4, 19, 
4, 894, 330, 15, 2, 17, 
4, 894, 330, 15, 0, 15, 
4, 386, 671, 15, 4, 19, 
4, 386, 671, 15, 0, 15, 
4, 1536, 594, 15, 2, 17, 
4, 1144, 382, 16, 5, 21, 
4, 1193, 193, 15, 2, 17, 
3, 12, 1, 12.0, 19, 16.105263157894736, 12, 20, 15.9, 32, 381, 
1, 1290, 64, 5, 12, 10, 243889, 
1, 241, 255, 5, 11, 12, 247540, 
2,  22, 4, 9, 260724, 
2,  14, 7, 6, 260724, 
2,  20, 5, 8, 260724, 
2,  15, 6, 5, 260724, 
2,  19, 5, 6, 260724, 
2,  16, 6, 6, 260724, 
4, 504, 702, 15, -5, 10, 
2,  19, 5, 7, 260724, 
3, 13, 9, 16.444444444444443, 23, 16.652173913043477, -8, 32, 16.59375, 24, 259, 
1, 318, 381, 5, 10, 10, 267267, 
4, 1196, 269, 15, -1, 14, 
4, 1048, 115, 15, -2, 13, 
4, 590, 695, 18, -3, 15, 
4, 590, 695, 18, 6, 24, 
2,  22, 4, 9, 280790, 
2,  19, 5, 8, 280790, 
4, 1377, 107, 15, 3, 18, 
4, 1377, 107, 15, 0, 15, 
4, 1201, 517, 21, 0, 21, 
2,  17, 5, 4, 280790, 
3, 14, 4, 17.0, 20, 16.25, 3, 24, 16.375, 27, 390, 
1, 846, 853, 5, 13, 9, 284924, 
1, 1411, 517, 4, 13, 11, 287212, 
1, 1045, 560, 4, 15, 16, 290363, 
1, 1045, 428, 4, 15, 27, 295299, 
4, 542, 574, 15, -3, 12, 
4, 542, 574, 15, -5, 10, 
4, 1444, 913, 15, -3, 12, 
2,  18, 5, 7, 300736, 
4, 950, 823, 15, 0, 15, 
2,  15, 6, 2, 300736, 
2,  17, 5, 4, 300736, 
4, 1387, 224, 19, -1, 18, 
2,  18, 5, 7, 300736, 
4, 1420, 92, 17, -2, 15, 
4, 1420, 92, 17, 0, 17, 
4, 489, 430, 14, -1, 13, 
4, 1045, 284, 24, 0, 24, 
4, 1045, 284, 24, -4, 20, 
2,  18, 5, 7, 300737, 
3, 15, 9, 15.777777777777779, 18, 16.833333333333332, 1, 27, 16.48148148148148, 28, 298, 
1, 1045, 272, 4, 13, 7, 301214, 
1, 998, 586, 4, 12, 8, 302732, 
1, 445, 512, 4, 15, 13, 306364, 
1, 169, 512, 4, 15, 21, 317977, 
1, 1045, 308, 4, 15, 16, 319174, 
1, 1045, 320, 4, 15, 24, 319618, 
4, 152, 291, 15, 1, 16, 
2,  17, 5, 5, 320816, 
4, 475, 201, 18, 3, 21, 
4, 475, 201, 18, 0, 18, 
4, 245, 512, 24, -6, 18, 
2,  20, 5, 7, 320816, 
3, 16, 8, 15.25, 20, 16.85, -4, 28, 16.392857142857142, 24, 309, 
1, 1045, 704, 4, 16, 12, 334269, 
1, 1529, 430, 4, 14, 19, 337366, 
1, 1045, 840, 4, 15, 19, 339327, 
4, 944, 339, 15, -1, 14, 
4, 944, 339, 15, 0, 15, 
4, 944, 339, 15, 0, 15, 
4, 242, 494, 15, -1, 14, 
4, 242, 494, 15, 0, 15, 
4, 332, 898, 15, 2, 17, 
2,  17, 5, 7, 340834, 
2,  21, 4, 7, 340834, 
2,  24, 4, 2, 340834, 
2,  21, 4, 9, 340834, 
3, 17, 7, 18.285714285714285, 17, 16.58823529411765, -1, 24, 17.083333333333332, 23, 328, 
1, 1045, 892, 4, 15, 7, 341903, 
1, 1045, 568, 4, 15, 16, 354050, 
2,  15, 6, 6, 360791, 
4, 641, 543, 15, -5, 10, 
4, 641, 543, 15, -3, 12, 
4, 465, 135, 15, 1, 16, 
4, 465, 135, 15, 0, 15, 
4, 532, 92, 10, -1, 9, 
4, 532, 92, 10, 0, 10, 
2,  17, 5, 3, 360791, 
4, 1318, 356, 18, 3, 21, 
4, 257, 334, 18, 3, 21, 
4, 1397, 204, 15, -5, 10, 
4, 1336, 530, 14, 0, 14, 
3, 18, 4, 15.5, 19, 16.31578947368421, 6, 23, 16.17391304347826, 29, 266, 
1, 1413, 96, 6, 9, 4, 361096, 
1, 479, 233, 6, 10, 5, 362971, 
1, 677, 102, 4, 12, 10, 364346, 
1, 1214, 775, 6, 10, 18, 368186, 
1, 875, 510, 4, 10, 7, 370293, 
4, 716, 443, 15, -5, 10, 
4, 716, 443, 15, 0, 15, 
4, 1034, 382, 15, 3, 18, 
4, 1034, 382, 15, 0, 15, 
4, 1034, 382, 15, 4, 19, 
2,  19, 5, 8, 380786, 
4, 1230, 781, 20, 3, 23, 
2,  24, 4, 7, 380787, 
2,  21, 4, 9, 380787, 
2,  18, 5, 6, 380787, 
4, 319, 665, 16, -3, 13, 
2,  15, 6, 2, 380787, 
2,  21, 4, 8, 380787, 
4, 167, 102, 21, -2, 19, 
3, 19, 11, 15.363636363636363, 18, 15.5, -3, 29, 15.448275862068966, 26, 338, 
1, 277, 665, 6, 10, 5, 381875, 
1, 608, 342, 4, 15, 10, 389462, 
1, 507, 102, 4, 14, 14, 391115, 
1, 674, 210, 4, 15, 20, 394470, 
4, 1430, 648, 15, -1, 14, 
2,  18, 5, 6, 400838, 
2,  15, 6, 6, 400838, 
4, 799, 130, 18, 3, 21, 
2,  19, 5, 8, 400838, 
4, 758, 58, 23, 4, 27, 
2,  19, 5, 3, 400838, 
3, 20, 8, 15.625, 18, 15.88888888888889, -5, 26, 15.807692307692308, 21, 238, 
1, 1172, 846, 4, 13, 6, 404263, 
1, 908, 358, 4, 15, 9, 412431, 
1, 982, 506, 4, 10, 16, 418038, 
2,  15, 6, 6, 420775, 
2,  15, 6, 5, 420775, 
4, 1456, 654, 14, 1, 15, 
4, 1319, 780, 18, -5, 13, 
4, 1319, 780, 18, -2, 16, 
2,  15, 6, 6, 420775, 
4, 1206, 261, 14, 0, 14, 
2,  21, 4, 7, 420775, 
2,  27, 3, 11, 420775, 
3, 21, 8, 16.375, 13, 16.692307692307693, -4, 21, 16.571428571428573, 17, 226, 
2,  15, 6, 6, 440812, 
4, 955, 831, 12, 2, 14, 
4, 337, 591, 18, 6, 24, 
4, 337, 591, 18, 0, 18, 
2,  16, 6, 5, 440812, 
2,  21, 4, 8, 440812, 
4, 351, 645, 15, -5, 10, 
4, 888, 282, 14, 1, 15, 
3, 22, 3, 17.333333333333332, 14, 15.928571428571429, 2, 17, 16.176470588235293, 19, 228, 
1, 1302, 658, 4, 14, 8, 442702, 
1, 1210, 694, 6, 10, 16, 451026, 
1, 1208, 109, 5, 12, 11, 458387, 
2,  14, 7, 5, 460841, 
4, 604, 368, 13, 4, 17, 
4, 1552, 847, 16, 2, 18, 
4, 1552, 847, 16, 0, 16, 
3, 23, 4, 12.5, 15, 16.933333333333334, -1, 19, 16.0, 18, 296, 
2,  14, 7, 2, 480862, 
4, 738, 736, 15, -3, 12, 
4, 738, 736, 15, 0, 15, 
2,  23, 4, 7, 480862, 
4, 1562, 554, 15, 1, 16, 
4, 864, 768, 13, 2, 15, 
4, 864, 768, 13, 0, 13, 
4, 1032, 197, 16, -1, 15, 
4, 856, 581, 14, -5, 9, 
4, 1015, 124, 15, 5, 20, 
3, 24, 2, 18.5, 16, 16.75, 6, 18, 16.944444444444443, 24, 365, 
1, 795, 869, 6, 9, 4, 483828, 
1, 919, 731, 5, 12, 12, 489660, 
1, 1102, 211, 5, 13, 23, 497631, 
2,  17, 5, 6, 500742, 
4, 1182, 402, 14, -2, 12, 
4, 1182, 402, 14, 0, 14, 
2,  24, 4, 9, 500742, 
2,  18, 5, 3, 500742, 
4, 1401, 490, 18, 2, 20, 
4, 217, 126, 15, -1, 14, 
4, 657, 736, 15, 0, 15, 
4, 360, 796, 13, -3, 10, 
3, 25, 6, 15.5, 18, 16.11111111111111, 0, 24, 15.958333333333334, 24, 256, 
1, 1188, 50, 6, 10, 12, 504070, 
2,  15, 6, 3, 520747, 
2,  15, 6, 3, 520747, 
4, 642, 680, 17, -1, 16, 
4, 642, 680, 17, 0, 17, 
2,  18, 5, 4, 520747, 
2,  16, 6, 4, 520747, 
4, 733, 900, 15, 0, 15, 
4, 552, 736, 15, -3, 12, 
2,  20, 5, 7, 520747, 
2,  20, 5, 8, 520747, 
4, 1494, 279, 14, -3, 11, 
3, 26, 7, 16.285714285714285, 17, 15.352941176470589, -2, 24, 15.625, 22, 328, 
2,  18, 5, 8, 540827, 
4, 824, 117, 16, 1, 17, 
4, 405, 204, 14, 2, 16, 
2,  17, 5, 6, 540827, 
2,  15, 6, 5, 540827, 
2,  15, 6, 6, 540827, 
4, 1069, 877, 12, -3, 9, 
4, 1069, 877, 12, 0, 12, 
4, 1069, 877, 12, 0, 12, 
4, 844, 919, 14, 4, 18, 
4, 844, 919, 14, -3, 11, 
4, 1300, 113, 16, 4, 20, 
4, 945, 541, 17, 4, 21, 
4, 945, 541, 17, 0, 17, 
2,  15, 6, 6, 540827, 
3, 27, 5, 16.0, 17, 14.823529411764707, 5, 22, 15.090909090909092, 27, 294, 
1, 1047, 863, 5, 12, 7, 540976, 
1, 1010, 889, 4, 13, 7, 541118, 
1, 1548, 571, 5, 9, 7, 542746, 
1, 1119, 773, 5, 11, 17, 543673, 
1, 785, 197, 5, 12, 9, 551880, 
4, 922, 156, 18, 5, 23, 
4, 1344, 767, 16, 3, 19, 
4, 291, 864, 14, -3, 11, 
4, 506, 411, 14, -1, 13, 
4, 506, 411, 14, 0, 14, 
4, 158, 423, 14, 2, 16, 
4, 960, 249, 15, -1, 14, 
4, 960, 249, 15, -4, 11, 
4, 754, 249, 21, 2, 23, 
3, 28, 5, 11.4, 22, 15.818181818181818, 4, 27, 15.0, 31, 353, 
1, 1262, 449, 4, 13, 6, 560933, 
1, 1147, 661, 5, 11, 14, 568821, 
1, 1229, 530, 5, 11, 11, 568981, 
1, 610, 209, 4, 14, 23, 571882, 
1, 1375, 253, 5, 12, 17, 572023, 
1, 576, 294, 4, 14, 32, 574237, 
1, 576, 294, 4, 14, 39, 574237, 
1, 822, 856, 5, 11, 22, 578430, 
2,  20, 5, 6, 580731, 
2,  18, 5, 8, 580731, 
2,  16, 6, 7, 580731, 
4, 1166, 351, 14, -3, 11, 
2,  16, 6, 7, 580731, 
4, 168, 645, 15, 4, 19, 
2,  16, 6, 6, 580731, 
4, 203, 851, 16, 5, 21, 
4, 1139, 548, 18, -5, 13, 
4, 1139, 548, 18, 0, 18, 
4, 416, 886, 23, 2, 25, 
2,  19, 5, 7, 580731, 
2,  14, 7, 6, 580731, 
3, 29, 15, 14.6, 16, 17.0625, -9, 31, 15.870967741935484, 22, 296, 
1, 412, 849, 4, 16, 11, 593818, 
4, 425, 546, 15, 1, 16, 
2,  12, 8, 5, 600768, 
4, 202, 544, 17, -5, 12, 
2,  20, 5, 9, 600769, 
2,  23, 4, 10, 600769, 
2,  19, 5, 8, 600769, 
2,  25, 4, 11, 600769, 
3, 30, 6, 19.166666666666668, 16, 16.5625, -4, 22, 17.272727272727273, 18, 307, 
1, 320, 598, 4, 15, 9, 603070, 
1, 576, 76, 5, 11, 20, 612546, 
2,  15, 6, 6, 620723, 
4, 776, 191, 14, 4, 18, 
4, 776, 191, 14, 0, 14, 
4, 405, 441, 17, 1, 18, 
2,  16, 6, 7, 620724, 
4, 792, 346, 17, 2, 19, 
4, 792, 346, 17, 0, 17, 
4, 792, 346, 17, 5, 22, 
2,  14, 7, 4, 620724, 
2,  21, 4, 8, 620724, 
4, 1545, 143, 16, 3, 19, 
3, 31, 6, 15.333333333333334, 12, 16.75, 1, 18, 16.27777777777778, 19, 225, 
1, 785, 288, 4, 12, 11, 626782, 
4, 181, 566, 14, -4, 10, 
4, 181, 566, 14, 0, 14, 
4, 762, 84, 15, 0, 15, 
4, 762, 84, 15, 0, 15, 
4, 667, 736, 17, -1, 16, 
4, 727, 783, 18, 4, 22, 
4, 596, 744, 21, 3, 24, 
4, 1327, 144, 18, 1, 19, 
4, 1327, 144, 18, 6, 24, 
2,  22, 4, 5, 640770, 
3, 32, 2, 17.0, 17, 17.294117647058822, 7, 19, 17.263157894736842, 26, 347, 
1, 1084, 514, 4, 10, 6, 640933, 
1, 980, 881, 4, 16, 25, 648086, 
1, 592, 843, 4, 14, 16, 652832, 
4, 856, 424, 21, -3, 18, 
4, 856, 424, 21, -3, 18, 
2,  23, 4, 3, 660850, 
4, 413, 93, 14, 3, 17, 
2,  17, 5, 7, 660850, 
2,  14, 7, 1, 660850, 
4, 995, 365, 15, 5, 20, 
4, 642, 164, 15, -5, 10, 
4, 642, 164, 15, 0, 15, 
4, 1011, 346, 16, 1, 17, 
4, 1011, 346, 16, 0, 16, 
3, 33, 6, 15.666666666666666, 20, 17.95, 2, 26, 17.423076923076923, 28, 247, 
1, 480, 551, 5, 10, 17, 677697, 
4, 1185, 661, 17, -4, 13, 
4, 880, 566, 17, -3, 14, 
4, 880, 566, 17, 0, 17, 
4, 880, 566, 17, 0, 17, 
2,  18, 5, 7, 680754, 
2,  19, 5, 4, 680754, 
2,  19, 5, 2, 680754, 
2,  15, 6, 5, 680754, 
2,  22, 4, 9, 680754, 
2,  24, 4, 5, 680754, 
4, 940, 756, 18, 4, 22, 
2,  18, 5, 3, 680754, 
4, 360, 551, 17, 3, 20, 
4, 203, 825, 20, -7, 13, 
4, 968, 814, 15, -1, 14, 
4, 216, 170, 16, 0, 16, 
3, 34, 8, 18.125, 20, 17.25, 1, 28, 17.5, 29, 354, 
1, 412, 881, 4, 13, 10, 690019, 
1, 1450, 892, 4, 13, 18, 692330, 
1, 1340, 884, 4, 14, 18, 698037, 
2,  17, 5, 7, 700724, 
2,  17, 5, 5, 700724, 
4, 1376, 844, 21, -1, 20, 
4, 1469, 810, 18, -4, 14, 
4, 683, 437, 15, -5, 10, 
4, 683, 437, 15, 0, 15, 
2,  19, 5, 8, 700724, 
2,  24, 4, 10, 700724, 
2,  17, 5, 7, 700724, 
2,  20, 5, 6, 700724, 
2,  17, 5, 6, 700724, 
4, 982, 553, 13, -2, 11, 
4, 982, 553, 13, 0, 13, 
2,  16, 6, 7, 700724, 
3, 35, 11, 17.0, 18, 16.88888888888889, -5, 29, 16.93103448275862, 24, 312, 
1, 1579, 684, 5, 10, 12, 709150, 
1, 423, 163, 5, 11, 19, 720630, 
4, 1574, 189, 21, -3, 18, 
4, 1574, 189, 21, 0, 21, 
4, 1586, 699, 14, 4, 18, 
4, 1586, 699, 14, 0, 14, 
2,  16, 6, 6, 720781, 
2,  18, 5, 6, 720781, 
2,  15, 6, 5, 720781, 
2,  16, 6, 3, 720781, 
2,  17, 5, 2, 720781, 
2,  22, 4, 9, 720781, 
2,  14, 7, 3, 720781, 
2,  20, 5, 6, 720781, 
2,  13, 7, 5, 720781, 
3, 36, 11, 15.636363636363637, 13, 16.53846153846154, -7, 24, 16.125, 17, 243, 
1, 1356, 454, 4, 14, 16, 737825, 
4, 354, 751, 13, 3, 16, 
4, 354, 751, 13, 0, 13, 
2,  18, 5, 3, 740725, 
3, 37, 2, 16.0, 15, 16.933333333333334, 0, 17, 16.823529411764707, 17, 385, 
2,  21, 4, 7, 760788, 
4, 979, 408, 18, -2, 16, 
3, 38, 1, 21.0, 16, 16.375, 0, 17, 16.647058823529413, 17, 340, 
4, 1188, 759, 15, 2, 17, 
2,  18, 5, 4, 780745, 
2,  20, 5, 9, 780745, 
4, 702, 490, 14, -5, 9, 
4, 702, 490, 14, 4, 18, 
2,  21, 4, 5, 780745, 
2,  16, 6, 6, 780745, 
3, 39, 4, 18.75, 13, 15.615384615384615, -1, 17, 16.352941176470587, 16, 210, 
4, 408, 369, 15, -1, 14, 
4, 1241, 845, 17, -2, 15, 
4, 1241, 845, 17, 5, 22, 
4, 739, 496, 15, -4, 11, 
2,  16, 6, 5, 800774, 
3, 40, 1, 16.0, 15, 15.4, 3, 16, 15.4375, 19, 269, 
1, 1090, 172, 5, 11, 6, 800933, 
1, 1414, 153, 4, 13, 13, 803383, 
1, 1354, 103, 4, 14, 21, 808027, 
4, 586, 465, 17, -5, 12, 
4, 586, 465, 17, 0, 17, 
4, 806, 721, 13, 2, 15, 
4, 215, 691, 15, -2, 13, 
4, 215, 691, 15, 0, 15, 
2,  18, 5, 7, 820832, 
4, 1220, 880, 17, 3, 20, 
4, 1220, 880, 17, 0, 17, 
2,  18, 5, 4, 820832, 
4, 285, 613, 14, -4, 10, 
3, 41, 5, 14.8, 14, 15.642857142857142, 3, 19, 15.421052631578947, 22, 242, 
4, 1452, 513, 15, 4, 19, 
4, 1452, 513, 15, 0, 15, 
2,  18, 5, 5, 840812, 
2,  17, 5, 5, 840812, 
4, 1349, 106, 17, -1, 16, 
4, 1349, 106, 17, -6, 11, 
2,  15, 6, 5, 840812, 
2,  22, 4, 4, 840812, 
4, 1200, 206, 12, 2, 14, 
2,  15, 6, 1, 840812, 
2,  20, 5, 9, 840812, 
4, 1486, 616, 10, 3, 13, 
4, 1486, 616, 10, 1, 11, 
4, 1486, 616, 10, 0, 10, 
4, 1486, 616, 10, 0, 10, 
3, 42, 6, 17.833333333333332, 16, 14.4375, 3, 22, 15.363636363636363, 25, 296, 
1, 687, 546, 6, 10, 10, 844735, 
1, 1602, 819, 5, 10, 7, 846748, 
4, 583, 783, 18, -3, 15, 
4, 583, 783, 18, 0, 18, 
4, 876, 158, 14, 0, 14, 
4, 1546, 848, 9, -1, 8, 
4, 1546, 848, 9, 0, 9, 
4, 1059, 683, 14, -2, 12, 
2,  12, 8, 5, 860740, 
4, 750, 731, 17, -1, 16, 
4, 750, 731, 17, 0, 17, 
4, 750, 731, 17, 0, 17, 
4, 1006, 419, 15, -5, 10, 
4, 1006, 419, 15, 0, 15, 
4, 1164, 226, 13, -4, 9, 
2,  19, 5, 8, 860741, 
2,  16, 6, 7, 860741, 
4, 1389, 691, 11, -3, 8, 
4, 1126, 552, 14, 1, 15, 
4, 1286, 179, 11, 0, 11, 
4, 870, 682, 10, 2, 12, 
4, 870, 682, 10, 0, 10, 
4, 870, 682, 10, 0, 10, 
4, 870, 682, 10, 1, 11, 
3, 43, 5, 13.4, 20, 14.15, 14, 25, 14.0, 39, 257, 
1, 778, 696, 5, 9, 5, 861855, 
1, 697, 376, 7, 8, 9, 862329, 
1, 1494, 868, 5, 8, 7, 863267, 
1, 323, 443, 5, 10, 8, 863885, 
1, 754, 104, 6, 10, 9, 870544, 
1, 875, 418, 5, 12, 19, 872092, 
1, 236, 175, 5, 11, 30, 876390, 
1, 893, 443, 5, 11, 23, 878376, 
1, 1238, 121, 5, 10, 22, 879454, 
4, 1107, 128, 18, 1, 19, 
4, 1107, 128, 18, 0, 18, 
4, 1595, 486, 15, 1, 16, 
4, 482, 334, 15, -5, 10, 
2,  17, 5, 5, 880804, 
2,  14, 7, 2, 880804, 
4, 1363, 901, 13, 3, 16, 
2,  15, 6, 4, 880804, 
2,  15, 6, 4, 880804, 
2,  15, 6, 6, 880804, 
3, 44, 14, 11.785714285714286, 25, 14.2, -9, 39, 13.333333333333334, 30, 371, 
1, 501, 387, 5, 12, 7, 884562, 
1, 1422, 211, 5, 11, 10, 886578, 
1, 904, 385, 5, 9, 7, 891595, 
1, 826, 647, 5, 9, 22, 894534, 
2,  18, 5, 7, 900792, 
2,  17, 5, 6, 900792, 
2,  15, 6, 6, 900792, 
2,  17, 5, 7, 900792, 
4, 1031, 811, 18, -4, 14, 
4, 1031, 811, 18, 0, 18, 
4, 613, 610, 14, -3, 11, 
4, 613, 610, 14, 0, 14, 
2,  17, 5, 4, 900792, 
4, 379, 894, 10, -1, 9, 
3, 45, 9, 13.88888888888889, 21, 14.714285714285714, -4, 30, 14.466666666666667, 26, 283, 
1, 360, 385, 6, 9, 8, 905123, 
1, 580, 361, 5, 10, 18, 908164, 
1, 905, 700, 6, 10, 10, 909709, 
4, 1602, 342, 15, 3, 18, 
2,  13, 7, 3, 920829, 
4, 1005, 151, 14, 1, 15, 
4, 906, 632, 13, 0, 13, 
2,  13, 7, 5, 920829, 
4, 558, 385, 16, -1, 15, 
4, 331, 859, 18, -2, 16, 
2,  16, 6, 5, 920829, 
4, 1124, 335, 16, -4, 12, 
4, 1380, 106, 11, 0, 11, 
4, 1183, 537, 14, -1, 13, 
3, 46, 6, 11.833333333333334, 20, 15.2, 2, 26, 14.423076923076923, 28, 326, 
1, 630, 151, 5, 11, 15, 931666, 
1, 1126, 159, 5, 11, 23, 933819, 
4, 1068, 286, 14, -1, 13, 
4, 1068, 286, 14, 0, 14, 
2,  15, 6, 4, 940764, 
2,  14, 7, 6, 940764, 
2,  15, 6, 1, 940764, 
2,  13, 7, 5, 940764, 
2,  16, 6, 4, 940764, 
2,  19, 5, 5, 940764, 
2,  18, 5, 7, 940764, 
2,  16, 6, 5, 940764, 
2,  18, 5, 8, 940764, 
4, 1573, 397, 14, 4, 18, 
2,  16, 6, 6, 940764, 
4, 1248, 152, 13, -5, 8, 
3, 47, 12, 15.166666666666666, 16, 14.6875, -8, 28, 14.892857142857142, 20, 227, 
2,  18, 5, 7, 960750, 
4, 1065, 100, 14, -4, 10, 
4, 1065, 100, 14, 4, 18, 
4, 1439, 548, 14, 3, 17, 
4, 500, 190, 11, -3, 8, 
4, 1479, 345, 18, 0, 18, 
4, 630, 320, 14, 4, 18, 
2,  18, 5, 8, 960750, 
3, 48, 2, 18.0, 18, 14.0, 4, 20, 14.4, 24, 288, 
1, 325, 812, 6, 8, 6, 963269, 
1, 1353, 687, 6, 8, 7, 964363, 
1, 1163, 420, 5, 11, 25, 973232, 
1, 532, 614, 6, 10, 14, 973826, 
4, 612, 518, 14, 2, 16, 
4, 612, 518, 14, 0, 14, 
4, 612, 518, 14, 0, 14, 
4, 950, 281, 17, -6, 11, 
4, 1251, 366, 15, 3, 18, 
4, 545, 880, 14, -4, 10, 
2,  17, 5, 6, 980741, 
2,  14, 7, 3, 980741, 
4, 889, 327, 14, -5, 9, 
4, 667, 344, 15, 4, 19, 
2,  13, 7, 4, 980741, 
2,  18, 5, 7, 980741, 
3, 49, 8, 12.375, 16, 15.125, 0, 24, 14.208333333333334, 24, 309, 
1, 940, 302, 6, 10, 17, 994709, 
1, 587, 653, 5, 12, 7, 995006, 
4, 480, 110, 14, -5, 9, 
4, 459, 132, 15, -4, 11, 
4, 459, 132, 15, 4, 19, 
4, 289, 172, 14, -2, 12, 
4, 289, 172, 14, -3, 11, 
4, 1285, 811, 15, -3, 12, 
4, 822, 908, 13, -3, 10, 
4, 822, 908, 13, 0, 13, 
4, 822, 908, 13, 0, 13, 
4, 617, 450, 18, 2, 20, 
4, 377, 171, 14, 0, 14, 
4, 779, 86, 11, 2, 13, 
4, 1306, 642, 9, 1, 10, 
4, 1306, 642, 9, -3, 6, 
4, 459, 485, 19, 2, 21, 
3, 50, 2, 11.0, 22, 15.045454545454545, 13, 24, 14.708333333333334, 37, 317, 
1, 1470, 537, 5, 9, 6, 1003133, 
1, 1542, 561, 5, 9, 6, 1003277, 
1, 906, 595, 7, 6, 8, 1003437, 
1, 1068, 345, 6, 10, 8, 1009523, 
1, 164, 485, 5, 10, 10, 1010735, 
1, 1097, 834, 5, 11, 13, 1015457, 
1, 1127, 858, 5, 11, 18, 1016376, 
2,  14, 7, 4, 1020826, 
2,  14, 7, 6, 1020826, 
2,  18, 5, 8, 1020826, 
4, 761, 156, 15, -1, 14, 
4, 429, 103, 13, 0, 13, 
2,  13, 7, 4, 1020826, 
2,  14, 7, 4, 1020826, 
2,  18, 5, 5, 1020826, 
4, 1133, 827, 18, 1, 19, 
2,  13, 7, 3, 1020826, 
2,  14, 7, 5, 1020826, 
2,  21, 4, 4, 1020826, 
3, 51, 16, 12.8125, 21, 15.238095238095237, -13, 37, 14.18918918918919, 24, 207, 
4, 702, 61, 17, 3, 20, 
4, 453, 269, 14, -4, 10, 
2,  19, 5, 3, 1040856, 
4, 997, 77, 12, -2, 10, 
4, 997, 77, 12, -1, 11, 
2,  13, 7, 3, 1040856, 
2,  19, 5, 1, 1040856, 
3, 52, 3, 17.0, 21, 15.0, 1, 24, 15.25, 25, 333, 
1, 716, 789, 5, 13, 11, 1044576, 
1, 862, 118, 5, 10, 14, 1054135, 
1, 306, 556, 5, 10, 11, 1055833, 
1, 290, 186, 5, 11, 23, 1058725, 
2,  15, 6, 6, 1060844, 
4, 991, 668, 15, -2, 13, 
2,  18, 5, 7, 1060844, 
4, 400, 746, 19, -1, 18, 
4, 1256, 789, 20, 1, 21, 
2,  11, 9, 1, 1060844, 
3, 53, 7, 12.571428571428571, 18, 15.444444444444445, -4, 25, 14.64, 21, 207, 
1, 260, 794, 5, 12, 15, 1071408, 
1, 686, 213, 5, 13, 12, 1073684, 
1, 851, 498, 4, 14, 15, 1079799, 
4, 243, 126, 15, -2, 13, 
2,  15, 6, 4, 1080866, 
2,  18, 5, 8, 1080866, 
4, 1313, 500, 14, -1, 13, 
4, 627, 445, 12, 1, 13, 
2,  20, 5, 8, 1080866, 
4, 304, 338, 18, -3, 15, 
3, 54, 6, 15.333333333333334, 15, 15.866666666666667, -2, 21, 15.714285714285714, 19, 249, 
4, 398, 528, 17, 3, 20, 
2,  16, 6, 5, 1100756, 
4, 1277, 365, 12, -2, 10, 
4, 656, 185, 14, -2, 12, 
4, 954, 858, 18, 4, 22, 
2,  21, 4, 9, 1100756, 
4, 1285, 742, 13, -3, 10, 
4, 1285, 742, 13, -3, 10, 
2,  15, 6, 6, 1100756, 
3, 55, 3, 17.333333333333332, 16, 15.0, 3, 19, 15.368421052631579, 22, 338, 
1, 1553, 886, 6, 10, 9, 1102442, 
1, 1136, 820, 5, 13, 15, 1106662, 
1, 1204, 770, 5, 12, 10, 1108554, 
1, 1459, 566, 5, 12, 19, 1116337, 
1, 1410, 762, 5, 13, 15, 1116793, 
1, 1500, 547, 5, 13, 22, 1120651, 
2,  15, 6, 5, 1120805, 
4, 1404, 656, 13, -5, 8, 
2,  22, 4, 5, 1120805, 
4, 201, 365, 10, 0, 10, 
4, 201, 365, 10, 0, 10, 
4, 201, 365, 10, 0, 10, 
4, 201, 365, 10, 0, 10, 
3, 56, 8, 13.75, 14, 15.285714285714286, -3, 22, 14.727272727272727, 19, 371, 
1, 1088, 128, 5, 8, 7, 1122093, 
1, 1202, 466, 5, 10, 10, 1133790, 
1, 856, 890, 5, 10, 21, 1133938, 
1, 818, 318, 5, 10, 28, 1139862, 
4, 565, 381, 15, -4, 11, 
4, 565, 381, 15, 0, 15, 
2,  14, 7, 6, 1140791, 
2,  14, 7, 3, 1140791, 
2,  20, 5, 7, 1140791, 
4, 476, 56, 10, 2, 12, 
3, 57, 7, 12.285714285714286, 12, 14.666666666666666, -4, 19, 13.789473684210526, 15, 331, 
1, 477, 491, 6, 10, 8, 1144173, 
1, 1218, 872, 5, 11, 24, 1150983, 
2,  19, 5, 7, 1160780, 
4, 334, 682, 18, 4, 22, 
4, 758, 249, 13, -3, 10, 
4, 230, 314, 10, 0, 10, 
4, 230, 314, 10, 0, 10, 
4, 230, 314, 10, 0, 10, 
4, 230, 314, 10, 0, 10, 
2,  15, 6, 6, 1160780, 
3, 58, 4, 13.75, 11, 14.454545454545455, 2, 15, 14.266666666666667, 17, 224, 
1, 242, 216, 5, 10, 8, 1162017, 
1, 239, 902, 5, 10, 11, 1169221, 
1, 319, 862, 5, 10, 20, 1171710, 
1, 444, 762, 5, 10, 29, 1175409, 
2,  17, 5, 7, 1180856, 
4, 238, 176, 17, 0, 17, 
4, 859, 338, 12, 4, 16, 
3, 59, 5, 11.4, 12, 14.5, -3, 17, 13.588235294117647, 14, 264, 
1, 203, 148, 5, 10, 5, 1181949, 
1, 1093, 792, 4, 12, 18, 1192732, 
4, 459, 523, 13, -3, 10, 
4, 459, 523, 13, 0, 13, 
4, 1286, 335, 14, -3, 11, 
4, 1286, 335, 14, 0, 14, 
4, 1286, 335, 14, 4, 18, 
4, 462, 802, 10, 3, 13, 
3, 60, 2, 11.0, 12, 15.416666666666666, 4, 14, 14.785714285714286, 18, 275, 
1, 270, 549, 6, 10, 12, 1208552, 
1, 847, 300, 4, 14, 16, 1211951, 
1, 1470, 543, 5, 10, 25, 1216460, 
4, 1425, 606, 15, 3, 18, 
4, 1425, 606, 15, 4, 19, 
4, 843, 467, 13, 1, 14, 
4, 843, 467, 13, -1, 12, 
4, 843, 467, 13, -2, 11, 
4, 1030, 743, 14, 4, 18, 
4, 1030, 743, 14, 0, 14, 
4, 270, 819, 16, 0, 16, 
4, 270, 819, 16, 0, 16, 
4, 1195, 716, 13, 2, 15, 
4, 1195, 716, 13, 0, 13, 
4, 1195, 716, 13, 0, 13, 
4, 1195, 716, 13, 0, 13, 
4, 514, 569, 11, 1, 12, 
2,  18, 5, 8, 1220737, 
3, 61, 4, 13.0, 14, 15.142857142857142, 10, 18, 14.666666666666666, 28, 356, 
1, 1114, 674, 5, 11, 11, 1227134, 
1, 881, 452, 5, 12, 18, 1229164, 
1, 615, 268, 4, 13, 10, 1229926, 
1, 696, 563, 5, 11, 23, 1234819, 
4, 1233, 356, 17, -1, 16, 
4, 1233, 356, 17, 0, 17, 
4, 1233, 356, 17, 5, 22, 
4, 367, 820, 10, 0, 10, 
4, 367, 820, 10, 0, 10, 
4, 1236, 828, 17, -1, 16, 
4, 1236, 828, 17, 0, 17, 
2,  18, 5, 7, 1240803, 
4, 1104, 527, 15, -2, 13, 
4, 1104, 527, 15, 0, 15, 
4, 1287, 232, 13, -4, 9, 
2,  13, 7, 2, 1240803, 
3, 62, 6, 13.0, 22, 15.363636363636363, 4, 28, 14.857142857142858, 32, 341, 
1, 1092, 533, 6, 10, 5, 1241112, 
1, 1046, 87, 5, 9, 9, 1243615, 
1, 882, 210, 5, 12, 20, 1249969, 
2,  13, 7, 4, 1260850, 
4, 279, 278, 18, -4, 14, 
2,  17, 5, 7, 1260850, 
2,  16, 6, 4, 1260850, 
2,  19, 5, 6, 1260850, 
2,  16, 6, 6, 1260850, 
2,  16, 6, 3, 1260850, 
4, 1439, 652, 13, -2, 11, 
4, 1571, 133, 16, -4, 12, 
2,  17, 5, 2, 1260851, 
2,  15, 6, 3, 1260851, 
3, 63, 11, 14.545454545454545, 21, 15.380952380952381, -8, 32, 15.09375, 24, 267, 
1, 606, 665, 5, 12, 10, 1265652, 
1, 707, 670, 4, 13, 13, 1269496, 
1, 693, 740, 4, 10, 21, 1271641, 
1, 281, 360, 4, 14, 29, 1275317, 
1, 198, 795, 5, 10, 13, 1279921, 
4, 929, 342, 18, -2, 16, 
4, 1101, 368, 18, -3, 15, 
4, 1101, 368, 18, 0, 18, 
2,  14, 7, 6, 1280826, 
4, 1049, 737, 13, -1, 12, 
4, 1049, 737, 13, 0, 13, 
4, 1049, 737, 13, 0, 13, 
2,  16, 6, 6, 1280826, 
4, 239, 262, 14, 3, 17, 
4, 239, 262, 14, 0, 14, 
4, 1210, 698, 11, 1, 12, 
3, 64, 7, 12.714285714285714, 17, 15.941176470588236, 2, 24, 15.0, 26, 201, 
1, 453, 88, 4, 12, 12, 1288567, 
1, 531, 244, 4, 13, 22, 1294680, 
2,  15, 6, 6, 1300834, 
2,  20, 5, 7, 1300834, 
4, 1574, 858, 18, -2, 16, 
4, 1574, 858, 18, 0, 18, 
4, 1486, 125, 18, -6, 12, 
2,  22, 4, 7, 1300834, 
2,  15, 6, 6, 1300834, 
4, 351, 451, 18, -3, 15, 
3, 65, 6, 16.166666666666668, 20, 15.2, -2, 26, 15.423076923076923, 24, 279, 
1, 1114, 538, 5, 12, 18, 1318364, 
2,  18, 5, 7, 1320867, 
2,  16, 6, 3, 1320867, 
2,  18, 5, 8, 1320867, 
4, 604, 87, 12, -4, 8, 
4, 604, 87, 12, 0, 12, 
4, 604, 87, 12, 0, 12, 
2,  15, 6, 4, 1320867, 
3, 66, 5, 15.8, 19, 15.052631578947368, -2, 24, 15.208333333333334, 22, 377, 
1, 1150, 211, 7, 8, 5, 1321666, 
1, 985, 656, 4, 11, 14, 1330817, 
1, 987, 652, 4, 13, 20, 1330973, 
4, 1111, 404, 22, -8, 14, 
4, 666, 496, 14, -5, 9, 
4, 210, 710, 15, 3, 18, 
4, 210, 710, 15, 1, 16, 
2,  16, 6, 7, 1340775, 
4, 1201, 379, 18, 3, 21, 
4, 267, 778, 13, -3, 10, 
4, 267, 778, 13, 0, 13, 
4, 1612, 647, 12, -4, 8, 
4, 1612, 647, 12, -1, 11, 
4, 1612, 647, 12, 0, 12, 
3, 67, 4, 12.0, 18, 15.0, 6, 22, 14.454545454545455, 28, 329, 
1, 1404, 413, 4, 12, 9, 1341575, 
1, 1379, 413, 4, 13, 17, 1342359, 
1, 858, 282, 6, 9, 14, 1354204, 
1, 836, 702, 8, 8, 17, 1356466, 
1, 914, 413, 4, 10, 27, 1356771, 
2,  22, 4, 8, 1360798, 
4, 150, 701, 14, -2, 12, 
4, 150, 701, 14, 3, 17, 
4, 1002, 494, 17, -3, 14, 
4, 1002, 494, 17, 0, 17, 
2,  13, 7, 5, 1360799, 
2,  18, 5, 7, 1360799, 
4, 551, 292, 13, 3, 16, 
4, 551, 292, 13, 0, 13, 
2,  18, 5, 4, 1360799, 
2,  16, 6, 7, 1360799, 
4, 334, 830, 11, -2, 9, 
4, 879, 715, 12, -3, 9, 
4, 879, 715, 12, -4, 8, 
3, 68, 10, 13.9, 18, 14.61111111111111, -1, 28, 14.357142857142858, 27, 318, 
1, 293, 716, 5, 8, 4, 1361744, 
1, 178, 624, 5, 11, 11, 1365346, 
4, 1587, 122, 17, -2, 15, 
2,  16, 6, 7, 1380871, 
4, 1271, 716, 17, -1, 16, 
4, 1271, 716, 17, 0, 17, 
2,  21, 4, 7, 1380871, 
2,  17, 5, 7, 1380871, 
4, 853, 633, 14, -5, 9, 
2,  17, 5, 6, 1380871, 
4, 1124, 392, 13, -1, 12, 
3, 69, 6, 15.0, 21, 13.714285714285714, -1, 27, 14.0, 26, 297, 
1, 906, 167, 6, 9, 5, 1381025, 
1, 1143, 865, 7, 9, 13, 1389968, 
1, 1409, 158, 5, 12, 28, 1400707, 
2,  14, 7, 3, 1400868, 
4, 787, 281, 13, 0, 13, 
4, 787, 281, 13, 0, 13, 
4, 1154, 185, 12, -2, 10, 
4, 1484, 476, 13, 4, 17, 
4, 1484, 476, 13, -5, 8, 
4, 768, 705, 9, 1, 10, 
4, 768, 705, 9, 0, 9, 
4, 768, 705, 9, -3, 6, 
4, 768, 705, 9, 0, 9, 
2,  17, 5, 7, 1400869, 
3, 70, 5, 12.2, 21, 14.095238095238095, 4, 26, 13.73076923076923, 30, 300, 
1, 696, 361, 7, 8, 4, 1402121, 
1, 1567, 218, 10, 6, 7, 1406725, 
1, 523, 321, 5, 9, 7, 1410156, 
1, 1041, 637, 7, 9, 11, 1412963, 
1, 785, 589, 6, 10, 10, 1418742, 
2,  18, 5, 7, 1420744, 
2,  14, 7, 3, 1420744, 
4, 354, 347, 13, -1, 12, 
4, 1608, 543, 9, 3, 12, 
4, 165, 149, 15, 4, 19, 
4, 270, 758, 16, -6, 10, 
2,  12, 8, 0, 1420745, 
2,  13, 7, 3, 1420745, 
2,  13, 7, 3, 1420745, 
2,  17, 5, 6, 1420745, 
3, 71, 11, 11.727272727272727, 19, 13.789473684210526, -7, 30, 13.033333333333333, 23, 201, 
1, 1323, 908, 5, 10, 6, 1420911, 
4, 683, 412, 17, -1, 16, 
4, 683, 412, 17, 4, 21, 
4, 1008, 905, 15, -5, 10, 
4, 1301, 113, 13, -5, 8, 
4, 1301, 113, 13, 0, 13, 
4, 809, 481, 12, 4, 16, 
4, 809, 481, 12, 0, 12, 
4, 339, 606, 13, 1, 14, 
2,  13, 7, 5, 1440796, 
2,  12, 8, 2, 1440796, 
2,  19, 5, 4, 1440796, 
3, 72, 4, 13.5, 19, 13.736842105263158, 4, 23, 13.695652173913043, 27, 349, 
1, 1427, 179, 4, 13, 9, 1441755, 
1, 465, 449, 6, 8, 6, 1443645, 
1, 1387, 259, 4, 14, 16, 1444891, 
1, 1050, 290, 6, 10, 7, 1445043, 
1, 415, 324, 6, 9, 10, 1447582, 
4, 258, 200, 17, -3, 14, 
4, 1079, 216, 17, 2, 19, 
4, 1079, 216, 17, -6, 11, 
4, 1404, 857, 12, -4, 8, 
2,  13, 7, 4, 1460760, 
4, 1550, 116, 16, 0, 16, 
4, 1550, 116, 16, 0, 16, 
2,  16, 6, 3, 1460760, 
2,  12, 8, 5, 1460760, 
3, 73, 8, 11.875, 19, 14.526315789473685, -2, 27, 13.74074074074074, 25, 264, 
1, 1135, 763, 4, 10, 12, 1464736, 
1, 884, 532, 8, 8, 9, 1471080, 
1, 1307, 866, 5, 11, 23, 1480762, 
4, 1307, 866, 17, 2, 19, 
4, 1307, 866, 17, 0, 17, 
4, 774, 777, 12, 1, 13, 
4, 938, 794, 12, -1, 11, 
4, 1323, 533, 15, 5, 20, 
4, 403, 667, 12, 4, 16, 
4, 543, 387, 14, 0, 14, 
4, 543, 387, 14, 0, 14, 
4, 643, 116, 16, 2, 18, 
3, 74, 3, 9.666666666666666, 22, 15.045454545454545, 6, 25, 14.4, 31, 370, 
2,  13, 7, 4, 1500801, 
4, 1078, 515, 12, 2, 14, 
4, 1046, 138, 16, 4, 20, 
4, 1353, 120, 14, -3, 11, 
4, 1353, 120, 14, -2, 12, 
2,  16, 6, 2, 1500801, 
4, 1480, 598, 13, -4, 9, 
4, 1480, 598, 13, 0, 13, 
2,  20, 5, 5, 1500801, 
4, 1279, 692, 14, 2, 16, 
3, 75, 3, 16.333333333333332, 28, 15.142857142857142, 4, 31, 15.258064516129032, 35, 301, 
1, 197, 441, 5, 12, 12, 1506372, 
1, 1509, 577, 5, 12, 11, 1509333, 
2,  13, 7, 5, 1520791, 
2,  14, 7, 4, 1520791, 
2,  14, 7, 4, 1520791, 
2,  16, 6, 6, 1520791, 
4, 605, 521, 16, -3, 13, 
4, 1508, 275, 12, -1, 11, 
4, 387, 547, 21, -2, 19, 
2,  14, 7, 2, 1520791, 
2,  17, 5, 7, 1520791, 
2,  13, 7, 2, 1520791, 
2,  14, 7, 6, 1520791, 
4, 493, 729, 20, 5, 25, 
4, 493, 729, 20, 0, 20, 
4, 896, 718, 11, -2, 9, 
2,  12, 8, 5, 1520791, 
4, 750, 594, 13, -2, 11, 
3, 76, 11, 13.727272727272727, 24, 15.333333333333334, -4, 35, 14.82857142857143, 31, 395, 
1, 621, 737, 5, 11, 12, 1524651, 
1, 621, 825, 5, 13, 10, 1525681, 
1, 597, 514, 5, 9, 12, 1528530, 
1, 681, 887, 5, 9, 18, 1529164, 
1, 945, 750, 5, 12, 29, 1538947, 
2,  17, 5, 5, 1540825, 
2,  16, 6, 6, 1540825, 
2,  21, 4, 8, 1540825, 
2,  19, 5, 6, 1540825, 
4, 821, 587, 19, -4, 15, 
4, 1103, 428, 11, 2, 13, 
2,  14, 7, 2, 1540826, 
4, 1315, 532, 18, -3, 15, 
2,  14, 7, 5, 1540826, 
2,  19, 5, 8, 1540826, 
4, 606, 625, 11, -2, 9, 
4, 606, 625, 11, 0, 11, 
4, 606, 625, 11, 0, 11, 
3, 77, 12, 14.5, 19, 15.894736842105264, -6, 31, 15.35483870967742, 25, 277, 
1, 1448, 496, 6, 9, 4, 1540982, 
1, 1158, 892, 4, 13, 10, 1542773, 
1, 1021, 617, 5, 11, 9, 1545460, 
1, 976, 619, 4, 12, 22, 1556843, 
2,  17, 5, 5, 1560861, 
2,  16, 6, 4, 1560861, 
2,  18, 5, 5, 1560861, 
4, 924, 541, 25, -9, 16, 
4, 329, 195, 15, -4, 11, 
4, 288, 772, 11, -3, 8, 
4, 288, 772, 11, 0, 11, 
3, 78, 7, 13.714285714285714, 18, 15.555555555555555, -3, 25, 15.04, 22, 290, 
1, 874, 466, 4, 11, 9, 1564779, 
1, 965, 475, 6, 8, 9, 1565392, 
1, 1281, 557, 5, 11, 8, 1565712, 
1, 1501, 171, 5, 11, 18, 1568862, 
1, 810, 370, 4, 11, 16, 1569817, 
1, 760, 295, 4, 15, 25, 1573770, 
1, 1287, 682, 5, 11, 13, 1577047, 
2,  15, 6, 6, 1580810, 
2,  17, 5, 7, 1580810, 
4, 342, 887, 15, -1, 14, 
2,  16, 6, 7, 1580810, 
4, 1335, 802, 19, 3, 22, 
4, 1197, 159, 20, -6, 14, 
4, 1044, 680, 13, -2, 11, 
4, 1044, 680, 13, 1, 14, 
4, 1161, 576, 11, -3, 8, 
3, 79, 10, 12.6, 12, 16.666666666666668, -4, 22, 14.818181818181818, 18, 211, 
1, 1145, 574, 6, 8, 8, 1588157, 
1, 1589, 317, 5, 11, 15, 1589873, 
4, 376, 321, 14, -2, 12, 
2,  19, 5, 8, 1600788, 
2,  13, 7, 5, 1600788, 
4, 1489, 667, 20, 1, 21, 
4, 1489, 667, 20, 1, 21, 
4, 1064, 784, 15, -2, 13, 
2,  16, 6, 5, 1600788, 
2,  14, 7, 6, 1600788, 
3, 80, 6, 13.5, 12, 16.833333333333332, -2, 18, 15.722222222222221, 16, 260, 
1, 410, 334, 4, 14, 8, 1601097, 
1, 1473, 707, 5, 12, 8, 1602040, 
2,  15, 6, 6, 1620807, 
4, 898, 350, 16, -3, 13, 
4, 898, 350, 16, 0, 16, 
2,  22, 4, 7, 1620807, 
2,  21, 4, 6, 1620807, 
3, 81, 5, 16.8, 11, 16.818181818181817, -3, 16, 16.8125, 13, 205, 
1, 1181, 387, 5, 13, 10, 1625086, 
4, 981, 217, 20, 5, 25, 
4, 211, 203, 14, 1, 15, 
4, 211, 203, 14, -1, 13, 
4, 211, 203, 14, 0, 14, 
4, 786, 809, 21, -6, 15, 
4, 786, 809, 21, 1, 22, 
4, 1060, 113, 16, 2, 18, 
4, 1060, 113, 16, 2, 18, 
3, 82, 1, 13.0, 12, 16.75, 7, 13, 16.46153846153846, 20, 350, 
1, 1313, 333, 4, 16, 14, 1652848, 
1, 1313, 333, 4, 11, 19, 1652848, 
1, 642, 340, 4, 14, 25, 1659984, 
4, 652, 325, 25, 3, 28, 
4, 1040, 374, 21, 4, 25, 
2,  15, 6, 5, 1660764, 
4, 172, 379, 15, -1, 14, 
3, 83, 4, 14.0, 16, 17.8125, -1, 20, 17.05, 19, 362, 
1, 1009, 333, 4, 13, 11, 1664781, 
1, 637, 333, 4, 15, 25, 1679432, 
1, 934, 426, 3, 14, 10, 1679592, 
4, 601, 333, 25, -4, 21, 
4, 1602, 773, 18, -3, 15, 
2,  28, 3, 10, 1680848, 
3, 84, 4, 17.5, 15, 18.8, -2, 19, 18.526315789473685, 17, 304, 
1, 465, 317, 5, 13, 9, 1681486, 
1, 1104, 422, 4, 16, 11, 1686787, 
4, 221, 397, 20, -5, 15, 
4, 221, 397, 20, 0, 20, 
4, 221, 397, 20, 0, 20, 
4, 1231, 735, 14, 2, 16, 
4, 1231, 735, 14, 0, 14, 
2,  22, 4, 9, 1700863, 
4, 1403, 321, 21, -6, 15, 
3, 85, 3, 17.0, 14, 19.071428571428573, 3, 17, 18.705882352941178, 20, 354, 
1, 1104, 114, 4, 15, 8, 1704089, 
1, 1104, 130, 4, 14, 15, 1704734, 
2,  16, 6, 3, 1720838, 
2,  25, 4, 8, 1720838, 
2,  21, 4, 7, 1720838, 
4, 798, 865, 16, 0, 16, 
4, 798, 865, 16, 0, 16, 
4, 798, 865, 16, 0, 16, 
4, 826, 801, 15, -3, 12, 
4, 826, 801, 15, -1, 14, 
3, 86, 5, 18.2, 15, 18.4, 0, 20, 18.35, 20, 245, 
1, 1564, 649, 4, 16, 16, 1733123, 
1, 1104, 850, 4, 12, 11, 1737100, 
4, 178, 688, 15, -4, 11, 
4, 178, 688, 15, 5, 20, 
4, 178, 688, 15, 3, 18, 
4, 1162, 529, 21, 0, 21, 
2,  18, 5, 5, 1740891, 
2,  25, 4, 11, 1740891, 
4, 221, 900, 20, -7, 13, 
2,  20, 5, 6, 1740891, 
2,  16, 6, 4, 1740891, 
4, 1498, 217, 16, -3, 13, 
4, 1498, 217, 16, 0, 16, 
3, 87, 6, 17.833333333333332, 14, 17.357142857142858, 1, 20, 17.5, 21, 292, 
4, 253, 166, 15, 0, 15, 
4, 880, 252, 14, -5, 9, 
4, 880, 252, 14, 0, 14, 
4, 880, 252, 14, 0, 14, 
4, 1567, 473, 14, -1, 13, 
4, 1113, 717, 16, -3, 13, 
3, 88, -1, -0.0, 21, 16.904761904761905, 7, 20, 17.75, 27, 381, 
1, 488, 360, 5, 13, 7, 1762369, 
1, 1206, 94, 4, 13, 13, 1766975, 
1, 1154, 172, 4, 14, 20, 1771051, 
1, 938, 410, 5, 13, 18, 1773696, 
4, 1026, 364, 25, -5, 20, 
4, 382, 904, 15, -5, 10, 
4, 382, 904, 15, 0, 15, 
4, 382, 904, 15, 0, 15, 
2,  18, 5, 3, 1780898, 
4, 918, 761, 16, 4, 20, 
4, 1375, 401, 14, 3, 17, 
4, 1005, 165, 11, -2, 9, 
4, 1005, 165, 11, 3, 14, 
4, 1005, 165, 11, -3, 8, 
4, 1005, 165, 11, -3, 8, 
4, 1005, 165, 11, 0, 11, 
2,  21, 4, 9, 1780899, 
2,  16, 6, 3, 1780899, 
2,  14, 7, 6, 1780899, 
4, 1013, 118, 13, -4, 9, 
3, 89, 8, 15.25, 19, 16.36842105263158, 4, 27, 16.037037037037038, 31, 219, 
1, 1048, 190, 5, 13, 7, 1782183, 
1, 1271, 623, 5, 8, 6, 1782496, 
1, 190, 379, 5, 9, 7, 1787525, 
1, 198, 313, 6, 9, 17, 1792251, 
1, 1543, 827, 5, 10, 17, 1793182, 
1, 1593, 774, 5, 9, 10, 1793648, 
1, 876, 760, 7, 8, 20, 1794289, 
2,  25, 4, 10, 1800894, 
4, 1351, 122, 20, 4, 24, 
2,  15, 6, 3, 1800894, 
2,  14, 7, 4, 1800894, 
4, 1286, 386, 20, 3, 23, 
4, 745, 648, 18, -2, 16, 
4, 440, 471, 15, 2, 17, 
4, 1002, 466, 14, 0, 14, 
2,  20, 5, 8, 1800895, 
4, 984, 276, 17, -5, 12, 
4, 524, 229, 11, 3, 14, 
3, 90, 11, 12.727272727272727, 20, 16.35, -4, 31, 15.064516129032258, 27, 299, 
1, 214, 870, 4, 11, 6, 1801060, 
1, 1151, 468, 4, 14, 10, 1802331, 
1, 1313, 711, 4, 14, 21, 1815178, 
1, 206, 594, 4, 14, 18, 1819060, 
2,  15, 6, 5, 1820784, 
4, 156, 474, 21, 6, 27, 
4, 156, 474, 21, 3, 24, 
4, 394, 61, 16, -4, 12, 
4, 328, 636, 15, 5, 20, 
2,  18, 5, 7, 1820784, 
2,  15, 6, 5, 1820784, 
2,  16, 6, 6, 1820784, 
3, 91, 8, 14.625, 19, 17.36842105263158, -4, 27, 16.555555555555557, 23, 339, 
1, 1202, 511, 3, 15, 10, 1822853, 
1, 1473, 849, 4, 14, 12, 1827746, 
1, 1540, 654, 5, 12, 11, 1831721, 
1, 1409, 557, 5, 12, 10, 1836979, 
4, 429, 147, 20, 0, 20, 
4, 410, 259, 21, -7, 14, 
4, 902, 553, 16, 3, 19, 
2,  15, 6, 6, 1840784, 
2,  16, 6, 5, 1840784, 
4, 471, 83, 20, -6, 14, 
4, 1030, 742, 11, 3, 14, 
4, 1030, 742, 11, 0, 11, 
2,  23, 4, 7, 1840785, 
3, 92, 7, 15.285714285714286, 16, 19.125, -1, 23, 17.956521739130434, 22, 391, 
1, 236, 444, 4, 14, 17, 1851027, 
4, 1324, 658, 14, -4, 10, 
4, 1324, 658, 14, 0, 14, 
4, 1324, 658, 14, 0, 14, 
4, 660, 884, 21, -5, 16, 
4, 660, 884, 21, 1, 22, 
4, 1402, 781, 16, 1, 17, 
4, 1402, 781, 16, -5, 11, 
2,  20, 5, 9, 1860831, 
2,  24, 4, 5, 1860831, 
4, 444, 671, 17, 4, 21, 
4, 444, 671, 17, 0, 17, 
2,  27, 3, 12, 1860831, 
4, 251, 627, 24, -6, 18, 
2,  20, 5, 9, 1860831, 
4, 1228, 590, 14, -3, 11, 
2,  19, 5, 1, 1860831, 
4, 1063, 813, 14, 4, 18, 
4, 1392, 757, 11, -4, 7, 
4, 1392, 757, 11, -2, 9, 
4, 1392, 757, 11, 0, 11, 
4, 1392, 757, 11, 0, 11, 
3, 93, 6, 20.666666666666668, 16, 17.125, 10, 22, 18.09090909090909, 32, 400, 
1, 737, 444, 7, 7, 5, 1861791, 
1, 1027, 502, 5, 11, 13, 1867542, 
1, 561, 762, 5, 9, 12, 1868018, 
1, 629, 519, 5, 11, 12, 1870882, 
4, 859, 902, 20, -5, 15, 
4, 1540, 322, 14, -2, 12, 
4, 1540, 322, 14, 0, 14, 
4, 1540, 322, 14, 0, 14, 
4, 912, 304, 21, 7, 28, 
4, 912, 304, 21, -2, 19, 
2,  16, 6, 7, 1880767, 
4, 240, 531, 17, 0, 17, 
2,  24, 4, 11, 1880767, 
4, 702, 717, 10, 3, 13, 
4, 1337, 916, 14, -4, 10, 
2,  16, 6, 6, 1880767, 
4, 975, 146, 21, -6, 15, 
2,  18, 5, 5, 1880767, 
3, 94, 8, 14.0, 24, 16.208333333333332, 2, 32, 15.65625, 34, 366, 
1, 871, 467, 3, 15, 9, 1880936, 
1, 1005, 146, 4, 10, 6, 1881718, 
1, 633, 814, 5, 10, 6, 1882508, 
1, 431, 114, 5, 11, 10, 1888546, 
1, 1072, 467, 3, 15, 20, 1891573, 
1, 269, 500, 5, 11, 9, 1892047, 
1, 1299, 727, 4, 14, 16, 1894694, 
1, 376, 444, 5, 11, 16, 1897212, 
4, 1389, 729, 20, -7, 13, 
2,  14, 7, 5, 1900858, 
4, 353, 582, 17, -1, 16, 
4, 353, 582, 17, 0, 17, 
4, 1466, 616, 11, -3, 8, 
4, 661, 54, 14, -4, 10, 
4, 661, 54, 14, 3, 17, 
4, 661, 54, 14, 0, 14, 
4, 661, 54, 14, -1, 13, 
2,  14, 7, 6, 1900858, 
4, 897, 226, 14, 0, 14, 
2,  17, 5, 6, 1900858, 
2,  21, 4, 8, 1900858, 
2,  12, 8, 0, 1900858, 
2,  19, 5, 5, 1900858, 
2,  17, 5, 7, 1900858, 
3, 95, 15, 14.066666666666666, 19, 17.63157894736842, -6, 34, 16.058823529411764, 28, 258, 
1, 349, 401, 6, 10, 5, 1901174, 
1, 1425, 702, 5, 11, 7, 1902304, 
1, 729, 386, 5, 8, 9, 1906599, 
1, 1396, 467, 3, 14, 9, 1908648, 
2,  20, 5, 6, 1920778, 
2,  22, 4, 8, 1920778, 
2,  18, 5, 6, 1920778, 
2,  28, 3, 13, 1920778, 
4, 497, 355, 13, 1, 14, 
4, 1612, 678, 17, -2, 15, 
4, 1612, 678, 17, 0, 17, 
3, 96, 8, 16.375, 20, 16.3, -5, 28, 16.321428571428573, 23, 364, 
4, 1542, 129, 21, -4, 17, 
4, 959, 836, 20, -5, 15, 
2,  17, 5, 4, 1940770, 
2,  17, 5, 6, 1940770, 
2,  15, 6, 5, 1940770, 
2,  17, 5, 6, 1940770, 
2,  14, 7, 3, 1940770, 
3, 97, 5, 16.0, 18, 16.22222222222222, -3, 23, 16.17391304347826, 20, 202, 
1, 1567, 669, 5, 13, 13, 1957670, 
1, 1284, 614, 4, 14, 26, 1960776, 
2,  20, 5, 9, 1960777, 
4, 1464, 381, 17, 5, 22, 
4, 1464, 381, 17, 0, 17, 
2,  14, 7, 4, 1960777, 
2,  14, 7, 4, 1960778, 
3, 98, 5, 15.0, 15, 16.6, -3, 20, 16.2, 17, 325, 
4, 1324, 399, 13, -4, 9, 
4, 1082, 511, 17, 0, 17, 
4, 910, 552, 15, -5, 10, 
3, 99, -1, -0.0, 17, 16.941176470588236, 4, 16, 18.0, 20, 398, 
1, 969, 850, 5, 9, 19, 1997296, 
2,  20, 5, 9, 2000887, 
4, 981, 65, 16, -4, 12, 
4, 195, 171, 22, 0, 22, 
4, 195, 171, 22, 0, 22, 
4, 1015, 712, 17, 2, 19, 
4, 1331, 886, 10, -1, 9, 
4, 1331, 886, 10, 1, 11, 
4, 1331, 886, 10, 0, 10, 
4, 1331, 886, 10, 1, 11, 
4, 1331, 886, 10, -3, 7, 
4, 1331, 886, 10, 1, 11, 
4, 1331, 886, 10, 0, 10, 
3, 100, 2, 14.5, 18, 16.38888888888889, 9, 20, 16.2, 29, 333, 
1, 995, 125, 6, 7, 3, 2003165, 
1, 944, 704, 4, 10, 9, 2003492, 
1, 1293, 136, 7, 9, 5, 2006041, 
1, 1155, 320, 5, 10, 15, 2008760, 
1, 1186, 485, 5, 11, 14, 2012563, 
1, 1329, 510, 4, 10, 25, 2012564, 
1, 683, 297, 4, 13, 30, 2020198, 
4, 327, 546, 17, 5, 22, 
4, 327, 546, 17, 0, 17, 
2,  20, 5, 8, 2020829, 
4, 699, 309, 22, 5, 27, 
4, 699, 309, 22, 0, 22, 
4, 1520, 582, 17, 1, 18, 
4, 1520, 582, 17, 0, 17, 
4, 1164, 664, 22, 0, 22, 
4, 593, 484, 11, 1, 12, 
4, 593, 484, 11, 0, 11, 
4, 469, 386, 11, 3, 14, 
4, 469, 386, 11, -4, 7, 
4, 469, 386, 11, 0, 11, 
3, 101, 8, 11.25, 21, 16.61904761904762, 4, 29, 15.137931034482758, 33, 313, 
1, 976, 713, 3, 17, 13, 2027624, 
1, 794, 855, 5, 11, 17, 2027946, 
1, 1131, 85, 4, 11, 8, 2028107, 
1, 1125, 100, 4, 14, 15, 2028581, 
1, 998, 814, 4, 14, 12, 2030453, 
1, 1324, 344, 4, 12, 12, 2033448, 
1, 1047, 295, 4, 11, 23, 2034712, 
2,  20, 5, 9, 2040860, 
2,  14, 7, 6, 2040860, 
4, 404, 539, 13, 3, 16, 
2,  16, 6, 6, 2040860, 
4, 1105, 675, 17, 3, 20, 
2,  22, 4, 10, 2040860, 
4, 1418, 156, 22, -4, 18, 
2,  11, 9, 3, 2040860, 
2,  22, 4, 8, 2040860, 
2,  17, 5, 5, 2040860, 
2,  22, 4, 9, 2040860, 
3, 102, 15, 15.6, 18, 17.5, -12, 33, 16.636363636363637, 21, 239, 
1, 160, 114, 4, 13, 19, 2049708, 
1, 817, 195, 5, 7, 9, 2055928, 
4, 346, 295, 17, 0, 17, 
4, 1534, 460, 22, -8, 14, 
2,  19, 5, 8, 2060892, 
2,  17, 5, 6, 2060892, 
2,  27, 3, 4, 2060892, 
2,  12, 8, 4, 2060892, 
2,  20, 5, 7, 2060892, 
4, 1302, 816, 18, -2, 16, 
3, 103, 7, 16.428571428571427, 14, 18.142857142857142, -4, 21, 17.571428571428573, 17, 329, 
1, 745, 298, 4, 14, 11, 2070104, 
2,  17, 5, 4, 2080809, 
4, 1142, 755, 15, 2, 17, 
4, 1197, 718, 17, 4, 21, 
4, 1197, 718, 17, 0, 17, 
4, 825, 158, 18, -3, 15, 
3, 104, 2, 15.5, 15, 18.0, 2, 17, 17.705882352941178, 19, 286, 
2,  21, 4, 9, 2100884, 
4, 1366, 260, 17, -1, 16, 
4, 203, 695, 22, 5, 27, 
4, 203, 695, 22, 0, 22, 
2,  22, 4, 4, 2100884, 
2,  16, 6, 6, 2100884, 
4, 792, 361, 18, 3, 21, 
2,  17, 5, 7, 2100884, 
3, 105, 4, 19.0, 15, 17.6, 0, 19, 17.894736842105264, 19, 256, 
1, 1332, 234, 3, 17, 37, 2118733, 
2,  22, 4, 10, 2120776, 
2,  22, 4, 6, 2120776, 
4, 1331, 368, 18, -1, 17, 
2,  21, 4, 9, 2120776, 
4, 626, 695, 15, 1, 16, 
4, 626, 695, 15, 0, 15, 
4, 626, 695, 15, 0, 15, 
2,  16, 6, 5, 2120777, 
4, 1174, 595, 21, 2, 23, 
4, 1174, 595, 21, 0, 21, 
4, 1174, 595, 21, 0, 21, 
3, 106, 5, 19.6, 14, 18.0, 2, 19, 18.42105263157895, 21, 305, 
1, 1364, 298, 3, 18, 10, 2121264, 
2,  17, 5, 3, 2140816, 
2,  18, 5, 5, 2140816, 
2,  17, 5, 6, 2140816, 
4, 1256, 65, 15, 0, 15, 
4, 1256, 65, 15, 0, 15, 
4, 1096, 454, 16, 1, 17, 
4, 514, 190, 15, -3, 12, 
2,  23, 4, 8, 2140816, 
2,  21, 4, 9, 2140816, 
3, 107, 6, 19.0, 15, 17.733333333333334, -2, 21, 18.095238095238095, 19, 356, 
1, 1566, 814, 3, 17, 15, 2141799, 
1, 1552, 842, 3, 15, 24, 2142916, 
1, 715, 202, 4, 12, 13, 2145799, 
1, 1436, 714, 3, 15, 53, 2152194, 
1, 1434, 710, 3, 15, 60, 2152356, 
4, 1356, 665, 15, -5, 10, 
4, 1326, 494, 27, 6, 33, 
4, 1326, 494, 27, 0, 27, 
4, 1326, 494, 27, 0, 27, 
2,  16, 6, 5, 2160905, 
4, 1270, 414, 15, 0, 15, 
4, 1270, 414, 15, -2, 13, 
4, 1270, 414, 15, 0, 15, 
4, 1270, 414, 15, -1, 14, 
4, 735, 222, 15, -4, 11, 
3, 108, 6, 15.0, 13, 18.076923076923077, 3, 19, 17.105263157894736, 22, 381, 
1, 1312, 466, 3, 15, 8, 2162032, 
1, 398, 372, 3, 13, 14, 2164123, 
1, 721, 492, 3, 15, 8, 2165541, 
1, 347, 168, 3, 14, 27, 2172187, 
1, 763, 324, 3, 15, 17, 2172187, 
1, 791, 212, 3, 17, 26, 2176637, 
4, 450, 625, 17, 2, 19, 
4, 731, 550, 15, 2, 17, 
4, 731, 550, 15, 1, 16, 
4, 731, 550, 15, -2, 13, 
4, 1076, 106, 27, -6, 21, 
4, 981, 50, 17, -1, 16, 
4, 981, 50, 17, 0, 17, 
2,  21, 4, 4, 2180779, 
4, 199, 657, 33, -11, 22, 
4, 293, 152, 27, 4, 31, 
4, 817, 108, 27, -4, 23, 
4, 817, 108, 27, 0, 27, 
3, 109, 7, 15.714285714285714, 15, 19.333333333333332, 4, 22, 18.181818181818183, 26, 271, 
1, 201, 655, 3, 16, 9, 2180942, 
1, 1046, 166, 3, 17, 17, 2183157, 
1, 846, 112, 3, 16, 11, 2185383, 
1, 622, 840, 5, 10, 16, 2187586, 
1, 1126, 862, 5, 11, 18, 2191895, 
1, 1327, 168, 3, 17, 25, 2192044, 
1, 772, 565, 3, 16, 33, 2196923, 
1, 788, 517, 3, 15, 41, 2199445, 
4, 955, 410, 22, -4, 18, 
2,  21, 4, 7, 2200845, 
2,  27, 3, 8, 2200845, 
2,  15, 6, 6, 2200845, 
4, 1411, 60, 13, -1, 12, 
4, 1411, 60, 13, 0, 13, 
2,  21, 4, 6, 2200845, 
4, 797, 490, 31, -5, 26, 
3, 110, 12, 16.833333333333332, 14, 22.142857142857142, -8, 26, 19.692307692307693, 18, 288, 
1, 946, 512, 3, 17, 10, 2201005, 
1, 959, 564, 3, 17, 19, 2203059, 
1, 1380, 689, 4, 13, 22, 2213185, 
1, 880, 241, 3, 17, 15, 2213957, 
4, 846, 825, 15, -2, 13, 
4, 846, 825, 15, -1, 14, 
2,  33, 3, 13, 2220799, 
4, 1072, 776, 27, -8, 19, 
4, 1072, 776, 27, 0, 27, 
2,  27, 3, 4, 2220799, 
2,  18, 5, 8, 2220799, 
2,  26, 3, 5, 2220799, 
3, 111, 8, 21.0, 10, 21.1, -4, 18, 21.055555555555557, 14, 322, 
1, 925, 106, 3, 19, 10, 2220959, 
1, 969, 130, 3, 13, 21, 2227913, 
1, 1155, 444, 3, 13, 29, 2233877, 
4, 1481, 380, 15, -3, 12, 
4, 1481, 380, 15, 0, 15, 
2,  19, 5, 7, 2240778, 
4, 1051, 376, 31, -8, 23, 
4, 1472, 161, 23, 0, 23, 
3, 112, 4, 16.0, 10, 22.0, 0, 14, 20.285714285714285, 14, 201, 
1, 1058, 719, 3, 15, 11, 2244304, 
1, 760, 225, 4, 12, 14, 2249113, 
1, 1109, 550, 3, 14, 9, 2250073, 
1, 1286, 184, 3, 15, 28, 2254691, 
4, 1474, 719, 27, -3, 24, 
4, 436, 675, 23, -8, 15, 
4, 436, 675, 23, 0, 23, 
3, 113, 4, 14.0, 10, 23.7, -1, 14, 20.928571428571427, 13, 313, 
1, 625, 293, 4, 12, 9, 2262149, 
1, 749, 293, 4, 15, 17, 2267092, 
4, 498, 830, 27, 9, 36, 
2,  31, 3, 9, 2280831, 
2,  27, 3, 11, 2280831, 
3, 114, 4, 21.25, 9, 23.77777777777778, -3, 13, 23.0, 10, 236, 
1, 247, 850, 2, 23, 31, 2285590, 
4, 712, 719, 23, 6, 29, 
4, 376, 189, 23, -5, 18, 
3, 115, 1, 23.0, 9, 25.22222222222222, 1, 10, 25.0, 11, 231, 
2,  27, 3, 12, 2320789, 
4, 980, 549, 22, -2, 20, 
4, 980, 549, 22, 0, 22, 
4, 464, 347, 23, -1, 22, 
4, 477, 72, 18, -6, 12, 
4, 477, 72, 18, 0, 18, 
3, 116, 1, 27.0, 10, 24.7, 4, 11, 24.90909090909091, 15, 386, 
1, 1462, 256, 3, 12, 16, 2324487, 
1, 589, 372, 2, 22, 14, 2327827, 
1, 679, 282, 2, 23, 26, 2335009, 
2,  23, 4, 9, 2340862, 
4, 550, 817, 24, -3, 21, 
4, 550, 817, 24, 0, 24, 
4, 753, 208, 36, 2, 38, 
2,  29, 3, 11, 2340862, 
4, 922, 814, 20, -5, 15, 
4, 922, 814, 20, 0, 20, 
3, 117, 5, 21.8, 10, 23.2, 0, 15, 22.733333333333334, 15, 264, 
1, 1064, 284, 2, 18, 15, 2341029, 
4, 1236, 632, 27, -8, 19, 
4, 1236, 632, 27, 0, 27, 
2,  23, 4, 2, 2360764, 
4, 576, 258, 18, -3, 15, 
4, 1168, 514, 20, -4, 16, 
2,  24, 4, 8, 2360764, 
3, 118, 3, 21.666666666666668, 12, 23.75, 1, 15, 23.333333333333332, 16, 362, 
1, 766, 284, 2, 19, 14, 2365162, 
1, 694, 284, 2, 22, 27, 2370993, 
1, 1161, 304, 2, 24, 35, 2373864, 
1, 1193, 336, 2, 15, 42, 2376328, 
4, 1422, 94, 20, 0, 20, 
4, 569, 841, 20, 5, 25, 
4, 1434, 647, 15, 5, 20, 
4, 1434, 647, 15, 0, 15, 
4, 1434, 647, 15, 3, 18, 
4, 1434, 647, 15, -4, 11, 
4, 498, 72, 16, 2, 18, 
4, 498, 72, 16, 5, 21, 
4, 498, 72, 16, 0, 16, 
3, 119, 4, 20.0, 12, 23.5, 5, 16, 22.625, 21, 379, 
1, 1261, 404, 2, 20, 11, 2381528, 
1, 502, 284, 2, 16, 16, 2386095, 
1, 1321, 464, 2, 21, 29, 2386420, 
1, 496, 284, 2, 16, 24, 2386570, 
1, 1431, 574, 2, 22, 48, 2395285, 
4, 318, 284, 38, 8, 46, 
2,  15, 6, 5, 2400867, 
2,  25, 4, 8, 2400867, 
4, 1494, 445, 20, -4, 16, 
4, 273, 469, 15, 5, 20, 
4, 273, 469, 15, -5, 10, 
4, 273, 469, 15, 0, 15, 
4, 273, 469, 15, 0, 15, 
4, 523, 885, 11, -1, 10, 
4, 523, 885, 11, -4, 7, 
4, 523, 885, 11, 0, 11, 
4, 523, 885, 11, 3, 14, 
4, 1474, 441, 18, -1, 17, 
4, 190, 636, 21, -5, 16, 
4, 190, 636, 21, 0, 21, 
4, 190, 636, 21, 0, 21, 
3, 120, 7, 19.285714285714285, 14, 22.214285714285715, 7, 21, 21.238095238095237, 28, 298, 
5, 6, 46