1, 1246, 223, 35, 2, 21, 10, 823, 
1, 1034, 419, 32, 3, 20, 11, 3031, 
1, 1267, 252, 34, 2, 20, 12, 3214, 
1, 1243, 276, 34, 2, 20, 22, 5112, 
1, 1016, 461, 35, 2, 22, 16, 15364, 
1, 481, 543, 32, 3, 21, 15, 15364, 
1, 843, 211, 30, 3, 20, 27, 19119, 
1, 1446, 459, 35, 2, 21, 22, 20644, 
2,  1132, 746, 20, 3, 20834, 
2,  651, 714, 22, 6, 20834, 
2,  523, 60, 24, 9, 20834, 
2,  543, 341, 23, 5, 20834, 
2,  693, 452, 23, 7, 20834, 
2,  1359, 744, 22, 3, 20834, 
2,  550, 193, 26, 9, 20834, 
2,  800, 451, 24, 6, 20834, 
2,  914, 461, 35, 16, 20834, 
2,  1127, 127, 32, 3, 20834, 
2,  998, 866, 24, 4, 20834, 
2,  129, 831, 33, 9, 20834, 
2,  1034, 433, 26, 7, 20834, 
2,  856, 345, 33, 4, 20834, 
2,  1319, 170, 34, 8, 20834, 
2,  1152, 810, 21, 3, 20834, 
2,  1445, 49, 24, 7, 20834, 
2,  379, 543, 32, 15, 20834, 
2,  1191, 499, 32, 7, 20834, 
2,  251, 638, 33, 11, 20834, 
2,  814, 826, 31, 11, 20834, 
2,  706, 502, 33, 10, 20834, 
4, 1175, 476, 34, 0, 34, 
2,  1339, 251, 33, 1, 20835, 
2,  619, 224, 23, 5, 20835, 
2,  828, 565, 23, 6, 20835, 
2,  549, 597, 24, 3, 20835, 
2,  605, 825, 28, 5, 20835, 
4, 941, 198, 30, 0, 30, 
2,  1043, 825, 32, 11, 20835, 
2,  1346, 30, 25, 9, 20835, 
2,  343, 329, 32, 8, 20835, 
2,  843, 367, 30, 6, 20835, 
2,  1139, 104, 32, 15, 20835, 
2,  1225, 134, 30, 5, 20835, 
2,  277, 271, 22, 6, 20835, 
2,  1373, 684, 25, 2, 20835, 
2,  269, 562, 22, 8, 20835, 
3, 1, 44, 26.204545454545453, 6, 28.166666666666668, 2, 50, 26.44, 8, 32.0, 463, 
1, 1370, 535, 35, 2, 21, 21, 26442, 
4, 345, 677, 22, -5, 17, 
4, 184, 284, 27, 0, 27, 
4, 1299, 736, 35, 0, 35, 
2,  799, 720, 34, 14, 40757, 
2,  668, 704, 34, 10, 40757, 
3, 2, 3, 29.666666666666668, 5, 28.8, 3, 8, 29.125, 8, 26.333333333333332, 393, 
4, 345, 165, 22, 0, 22, 
2,  189, 773, 27, 8, 60751, 
4, 425, 678, 30, 5, 35, 
4, 541, 255, 17, 4, 21, 
4, 1545, 58, 27, 0, 27, 
2,  898, 353, 35, 13, 60751, 
3, 3, 2, 31.0, 6, 26.833333333333332, 4, 8, 27.875, 10, 26.25, 229, 
1, 349, 522, 35, 2, 21, 17, 64692, 
1, 93, 760, 30, 3, 17, 37, 77321, 
4, 729, 453, 22, 0, 22, 
4, 787, 508, 35, 8, 43, 
4, 169, 714, 30, -8, 22, 
4, 1161, 442, 27, 0, 27, 
4, 699, 455, 22, -5, 17, 
4, 567, 743, 35, -1, 34, 
3, 4, 2, 19.0, 8, 28.5, 6, 10, 26.6, 14, 27.5, 391, 
1, 95, 609, 43, 2, 22, 15, 80865, 
1, 666, 487, 35, 2, 22, 13, 81154, 
4, 529, 250, 35, 4, 39, 
4, 870, 514, 30, 4, 34, 
4, 774, 829, 27, 0, 27, 
2,  581, 742, 35, 4, 100791, 
4, 853, 855, 27, -8, 19, 
2,  1179, 362, 22, 9, 100791, 
4, 1196, 490, 27, 0, 27, 
4, 1196, 490, 27, 0, 27, 
4, 1502, 790, 17, 6, 23, 
4, 1502, 790, 17, 0, 17, 
2,  912, 730, 34, 13, 100792, 
3, 5, 5, 27.0, 9, 28.666666666666668, 8, 14, 28.071428571428573, 17, 26.625, 227, 
1, 725, 328, 27, 3, 17, 36, 114824, 
1, 982, 146, 30, 3, 17, 35, 119308, 
4, 279, 104, 35, 0, 35, 
4, 645, 150, 30, 0, 30, 
4, 645, 150, 30, 7, 37, 
4, 1120, 139, 30, 0, 30, 
4, 953, 663, 22, 4, 26, 
2,  601, 609, 43, 8, 120692, 
4, 1321, 865, 27, 0, 27, 
4, 1321, 865, 27, 0, 27, 
2,  552, 545, 39, 7, 120692, 
4, 1184, 79, 27, 0, 27, 
4, 719, 305, 19, 0, 19, 
4, 962, 237, 27, 0, 27, 
4, 962, 237, 27, 0, 27, 
4, 962, 237, 27, -1, 26, 
4, 1497, 525, 23, 5, 28, 
4, 1497, 525, 23, 0, 23, 
3, 6, 4, 29.0, 13, 27.307692307692307, 14, 17, 27.705882352941178, 27, 27.785714285714285, 371, 
1, 332, 411, 35, 2, 23, 28, 122285, 
1, 1145, 828, 37, 2, 23, 36, 134988, 
1, 116, 293, 35, 2, 19, 41, 136705, 
4, 279, 356, 35, 0, 35, 
2,  1252, 323, 30, 10, 140730, 
4, 285, 208, 27, 0, 27, 
4, 285, 208, 27, 0, 27, 
4, 1079, 647, 22, 0, 22, 
2,  1232, 79, 27, 10, 140730, 
2,  683, 380, 27, 8, 140730, 
2,  584, 343, 27, 8, 140730, 
4, 679, 78, 35, 0, 35, 
4, 989, 810, 30, 0, 30, 
4, 1293, 806, 37, -9, 28, 
4, 1275, 590, 30, 0, 30, 
4, 518, 143, 26, 0, 26, 
2,  103, 109, 27, 10, 140730, 
2,  1010, 475, 27, 7, 140730, 
4, 159, 677, 27, -8, 19, 
2,  833, 220, 27, 6, 140730, 
2,  383, 723, 27, 10, 140730, 
2,  632, 843, 26, 8, 140730, 
3, 7, 12, 25.833333333333332, 15, 28.933333333333334, 10, 27, 27.555555555555557, 25, 27.9, 315, 
1, 1181, 792, 37, 2, 22, 11, 140945, 
1, 413, 229, 30, 3, 19, 9, 146244, 
4, 529, 606, 35, 0, 35, 
2,  1027, 853, 30, 7, 160813, 
2,  537, 248, 27, 4, 160813, 
4, 1572, 172, 27, -1, 26, 
4, 1575, 802, 34, -8, 26, 
4, 587, 764, 19, 0, 19, 
4, 587, 764, 19, 0, 19, 
2,  619, 696, 30, 10, 160814, 
2,  1305, 668, 37, 14, 160814, 
2,  780, 570, 30, 11, 160814, 
2,  144, 435, 26, 10, 160814, 
4, 534, 863, 27, 0, 27, 
4, 534, 863, 27, 0, 27, 
4, 534, 863, 27, 0, 27, 
2,  1153, 190, 35, 9, 160814, 
2,  821, 685, 27, 12, 160814, 
2,  1017, 305, 27, 9, 160814, 
2,  101, 259, 35, 9, 160814, 
2,  338, 396, 30, 8, 160814, 
2,  1074, 836, 28, 6, 160814, 
2,  131, 229, 30, 11, 160814, 
2,  500, 341, 26, 11, 160814, 
3, 8, 16, 28.6875, 9, 28.22222222222222, 8, 25, 28.52, 17, 25.75, 279, 
1, 416, 593, 35, 2, 19, 10, 160972, 
1, 1127, 178, 35, 2, 22, 18, 168250, 
4, 1488, 316, 27, 7, 34, 
4, 1099, 380, 19, 1, 20, 
4, 1099, 380, 19, -7, 12, 
4, 1185, 783, 35, 0, 35, 
4, 1185, 783, 35, 0, 35, 
2,  1323, 155, 28, 8, 180709, 
4, 984, 214, 26, 0, 26, 
4, 984, 214, 26, 4, 30, 
2,  799, 38, 27, 2, 180709, 
2,  1052, 540, 27, 4, 180709, 
3, 9, 5, 24.6, 12, 28.083333333333332, 7, 17, 27.058823529411764, 19, 27.428571428571427, 298, 
2,  922, 627, 35, 13, 200838, 
2,  1239, 671, 27, 10, 200839, 
4, 1331, 196, 34, 0, 34, 
4, 1603, 104, 19, 0, 19, 
4, 1603, 104, 19, 0, 19, 
2,  590, 385, 27, 10, 200839, 
2,  1322, 582, 35, 14, 200839, 
2,  512, 178, 35, 14, 200839, 
4, 1236, 718, 26, 0, 26, 
2,  506, 287, 26, 12, 200839, 
2,  1229, 694, 34, 8, 200839, 
4, 320, 927, 12, 0, 12, 
4, 320, 927, 12, 0, 12, 
4, 320, 927, 12, 3, 15, 
4, 320, 927, 12, 0, 12, 
4, 1464, 807, 35, 0, 35, 
2,  1425, 628, 30, 13, 200839, 
3, 10, 8, 31.125, 11, 25.454545454545453, 9, 19, 27.842105263157894, 20, 20.444444444444443, 394, 
5, 12, 43